Time Elapsed (s), sys_mem_r(MB/s), sys_mem_w(MB/s), total(MB/s)
0.000126139,451.77,429.553,881.323
0.0995483,94.8531,84.4122,179.265
0.200668,303.375,298.049,601.424
0.300273,109.254,120.877,230.132
0.399625,1165.07,853.985,2019.06
0.512095,619.039,513.502,1132.54
0.612003,613.919,512.095,1126.01
0.712033,605.122,472.148,1077.27
0.811924,572.948,428.468,1001.42
0.911864,721.988,627.204,1349.19
1.01183,455.474,334.031,789.505
1.11271,473.109,347.24,820.349
1.21261,1110.9,874.079,1984.98
1.31253,757.106,202.831,959.937
1.41344,266.121,277.389,543.51
1.51339,833.882,520.238,1354.12
1.61328,138.363,113.8,252.163
1.71414,58.4864,45.3792,103.866
1.81403,185.746,195.377,381.123
1.91395,715.077,665.155,1380.23
2.01492,2328.43,2164.96,4493.4
2.11504,417.177,393.15,810.327
2.21504,83.3126,100.765,184.077
2.31499,49.1354,54.7686,103.904
2.415,19.0145,28.7076,47.722
2.52255,265.135,297.983,563.118
2.62293,114.714,103.388,218.102
2.72318,727.462,503.577,1231.04
2.83079,309.538,338.915,648.453
2.93155,142.43,138.552,280.983
3.03189,80.0109,61.161,141.172
3.13233,442.311,339.26,781.571
3.23492,2009.86,1416.64,3426.5
3.33493,2003.5,1501.31,3504.81
3.43493,2295.01,2110.34,4405.34
3.53492,2324.3,2231.62,4555.92
3.6349,2316.21,2176.24,4492.45
3.73479,2288.55,2350.62,4639.18
3.83476,2240.67,2218.3,4458.96
3.98425,2174.85,2025.22,4200.07
4.08528,2246.32,1926.42,4172.74
4.18593,3001.46,2925.79,5927.25
4.28614,3005.36,2927.95,5933.31
4.38631,3279.98,3343.48,6623.46
4.4864,3368.45,3346.86,6715.31
4.58653,3361.88,3457.64,6819.52
4.68662,2741.34,2379.38,5120.72
4.78669,2349.88,2358.19,4708.08
4.88796,2268.97,2248.76,4517.73
4.99645,2292.66,2279.38,4572.04
5.09655,2049.76,2016.09,4065.84
5.19666,2079.33,2057.04,4136.37
5.29782,2048.61,2078.05,4126.66
5.39793,2064.32,2053.67,4117.99
5.49805,2025.36,1967.68,3993.04
5.5983,2018.79,2112.47,4131.26
5.69842,1984.86,2028.33,4013.19
5.79856,2150.82,2145.07,4295.9
5.89869,2059.9,2051.8,4111.69
5.99881,2005.1,1949.99,3955.09
6.09901,2080.27,2058.93,4139.2
6.19928,2087.89,2117.54,4205.43
6.29943,1979.88,1920.49,3900.37
6.39956,2062.73,2133.49,4196.22
6.50066,2077.09,2103.84,4180.93
6.60079,2022.1,1915.66,3937.76
6.70091,2045.46,1993.3,4038.76
6.80105,2154.22,2150.79,4305.01
6.90121,2085.35,2040.85,4126.2
7.00134,2010.93,1952.23,3963.16
7.10146,2101.75,2067.24,4168.99
7.20158,2089.44,2063.58,4153.01
7.30171,1995.89,1952.8,3948.69
7.40282,2099.67,2070.88,4170.55
7.50298,2067.28,2066.19,4133.47
7.60327,2021.82,1928.03,3949.85
7.70342,2522.13,2106.55,4628.68
7.80356,2160.97,2175.8,4336.77
7.90369,2040.63,2002.72,4043.34
8.00388,2635.52,2575.43,5210.95
8.11042,2876.92,2854.14,5731.06
8.21136,3088.35,3022.43,6110.78
8.31149,2869.33,2832.43,5701.77
8.41158,2994.79,2940.81,5935.6
8.51153,2901.14,2898.02,5799.15
8.61249,2748.36,2645.07,5393.43
8.71245,2903.61,2851.84,5755.45
8.81237,2933.3,2900.44,5833.74
8.91228,3039.7,3007.45,6047.16
9.0122,2871.07,2820.49,5691.56
9.11595,3302.61,2356,5658.61
9.21647,3447.25,2688.97,6136.22
9.31985,2564.04,1804.69,4368.73
9.42004,755.269,592.163,1347.43
9.52659,909.89,768.396,1678.29
9.62699,711.677,520.81,1232.49
9.72702,541.708,362.227,903.935
9.82721,694.619,489.073,1183.69
9.92704,449.944,293.32,743.263
10.0278,545.845,328.351,874.197
10.1282,562.847,365.139,927.986
10.2282,562.294,366.827,929.121
10.3319,617.209,383.593,1000.8
10.4319,496.237,302.935,799.171
10.532,705.649,437.018,1142.67
10.6321,537.897,362.651,900.548
10.7399,707.578,449.575,1157.15
10.8398,688.243,467.289,1155.53
10.9879,1986.99,895.065,2882.05
11.0957,947.658,491.874,1439.53
11.1998,775.407,302.711,1078.12
11.3,729.66,239.44,969.1
11.401,815.852,306.646,1122.5
11.501,1935.53,472.355,2407.88
11.6011,6625.14,3599.68,10224.8
11.7025,3608.81,2097.38,5706.19
11.803,5426.87,1970.71,7397.58
11.9033,3215.36,1409.01,4624.37
12.0033,1219.84,626.1,1845.94
12.1075,968.037,486.109,1454.15
12.2076,788.964,311.701,1100.66
12.3078,755.647,248.669,1004.32
12.408,765.122,281.966,1047.09
12.5095,4495.66,1947.04,6442.71
12.6162,5109.54,3013.63,8123.18
12.7176,5326.17,2798.52,8124.69
12.8279,4801.61,1350.03,6151.64
12.9319,1375.02,791.756,2166.78
13.0386,1054.1,542.893,1596.99
13.1387,760.046,277.82,1037.87
13.2387,753.313,264.646,1017.96
13.3388,745.778,252.708,998.485
13.4394,2708.44,826.69,3535.13
13.5459,6256.46,3646.19,9902.66
13.646,4083.65,2271.41,6355.07
13.7459,5210.76,1475.06,6685.82
13.8796,3014.17,1877.53,4891.7
13.9839,3383.17,2427.79,5810.95
14.0907,1142.78,977.023,2119.8
14.191,363.542,300.84,664.381
14.2911,310.057,238.682,548.739
14.392,312.369,262.73,575.098
14.492,297.391,251.197,548.588
14.5921,235.737,164.71,400.447
14.6922,274.819,222.889,497.708
14.7922,365.932,318.609,684.541
14.8922,265.126,193.917,459.043
14.9921,258.222,189.672,447.894
15.0921,312.723,241.726,554.449
15.1921,260.044,197.922,457.966
15.2921,247.126,182.46,429.586
15.3999,1558.7,543.544,2102.24
15.5055,1431.35,889.57,2320.92
15.606,861.327,378.421,1239.75
15.7059,724.61,272.813,997.423
15.8059,777.924,343.487,1121.41
15.9058,727.829,239.69,967.519
16.0059,1320.37,332.286,1652.66
16.1059,7474.2,3789.12,11263.3
16.2059,3583.05,2158.1,5741.15
16.3059,5496.68,1744.65,7241.33
16.407,3403.91,1528.14,4932.06
16.507,1176.89,641.722,1818.61
16.6128,894.15,428.688,1322.84
16.7129,713.571,252.175,965.746
16.814,764.519,332.411,1096.93
16.9142,735.073,249.809,984.882
17.0145,4371.65,1845.82,6217.48
17.1223,5312.11,3130.83,8442.94
17.2224,4753.45,2542.43,7295.88
17.3224,4667.8,1125.22,5793.02
17.4225,2802.93,1938.69,4741.62
17.5239,3475.37,2504.97,5980.34
17.6264,1163.06,966.379,2129.44
17.7269,353.487,271.247,624.733
17.8269,349.72,315.313,665.032
17.927,333.448,263.163,596.611
18.0271,244.675,162.786,407.46
18.1271,271.859,211.186,483.045
18.2271,272.442,217.103,489.545
18.3272,256.734,195.288,452.022
18.4273,251.75,188.704,440.454
18.5273,264.467,207.217,471.684
18.6273,266.865,217.823,484.688
18.7283,247.979,182.575,430.554
18.8283,343.096,296.377,639.473
18.9283,1035.01,275.932,1310.95
19.0358,1703.29,967.099,2670.39
19.1398,983.52,451.894,1435.41
19.24,865.621,369.776,1235.4
19.3399,772.164,287.133,1059.3
19.4399,690.139,214.367,904.506
19.5406,1324.5,361.369,1685.87
19.6408,7485.85,3810.21,11296.1
19.7419,3567.38,2136.77,5704.15
19.8419,5416.94,1791.18,7208.11
19.9419,2946.75,1385.05,4331.8
20.0418,1077.38,510.693,1588.07
20.1467,1019.24,517.684,1536.92
20.2468,743.159,299.516,1042.68
20.3468,737.478,266.705,1004.18
20.447,673.16,200.803,873.963
20.5482,5154.64,2391.35,7546
20.656,4669.3,2771.07,7440.37
20.7559,4865.37,2466.82,7332.19
20.856,4496.9,1221.72,5718.62
20.956,1288.54,734.229,2022.77
21.0648,1120.99,600.279,1721.27
21.1649,716.499,254.856,971.354
21.265,742.252,270.927,1013.18
21.365,726.061,258.284,984.344
21.4651,2601.07,758.354,3359.42
21.5736,6244.73,3638.77,9883.5
21.6737,4051.91,2320.71,6372.62
21.7736,5217.13,1478.34,6695.46
21.8747,3516.72,2152.7,5669.42
22.0359,2569.28,1855.66,4424.95
22.1413,814.949,699.443,1514.39
22.2413,490.012,402.176,892.188
22.3413,345.957,274.689,620.646
22.4413,288.832,219.34,508.172
22.5413,343.192,258.587,601.779
22.6414,438.98,325.096,764.076
22.7414,742.583,426.941,1169.52
22.8415,369.087,298.202,667.289
22.9415,312.207,222.758,534.965
23.0415,297.731,215.2,512.932
23.1416,251.283,176.008,427.291
23.2415,277.077,214.315,491.392
23.3416,261.267,208.218,469.485
23.532,1448.71,610.31,2059.02
23.6386,1005.28,493.468,1498.74
23.7387,806.751,317.219,1123.97
23.8386,781.771,338.5,1120.27
23.9396,756.026,266.792,1022.82
24.0395,710.063,234.527,944.59
24.1396,7460.84,3598.9,11059.7
24.2402,3902.28,2273.65,6175.92
24.3405,5384.97,1908.83,7293.8
24.4407,3752.5,1719.55,5472.06
24.5404,3025.7,2351.84,5377.54
24.672,2054.02,1506.69,3560.72
24.7839,461.973,415.583,877.556
24.8879,307.887,212.962,520.849
24.988,283.673,221.339,505.012
25.088,292.975,232.542,525.517
25.188,252.994,198.132,451.126
25.2881,253.39,193.813,447.203
25.3891,282.124,227.891,510.015
25.4891,282.657,228.946,511.603
25.5892,234.152,166.202,400.354
25.6892,273.669,212.876,486.545
25.7892,354.377,313.707,668.084
25.8893,240.676,163.956,404.632
25.9893,373.822,237.045,610.867
26.0959,2261.63,931.853,3193.48
26.2026,1105.65,633.508,1739.16
26.3027,752.709,265.684,1018.39
26.4028,1270.75,363.797,1634.55
26.5028,777.615,299.103,1076.72
26.6107,859.62,389.15,1248.77
26.7128,6921.46,3357.15,10278.6
26.8469,3726.28,2267.31,5993.58
26.9498,5664.07,1764.25,7428.31
27.0829,3219.46,1948.65,5168.11
27.2399,2534.4,1836.82,4371.22
27.3478,715.288,620.204,1335.49
27.4519,372.305,290.094,662.399
27.5559,336.276,280.188,616.465
27.656,392.581,293.529,686.11
27.7559,320.505,252.528,573.033
27.857,283.363,228.616,511.979
27.957,268.927,205.052,473.98
28.0571,255.053,196.767,451.82
28.1573,266.345,195.834,462.179
28.2573,269.554,211.173,480.727
28.3573,265.451,213.047,478.498
28.4584,238.345,170.398,408.743
28.5585,257.953,209.489,467.443
28.6599,2200.1,866.061,3066.16
28.7662,1086.73,616.484,1703.21
28.8673,856.488,354.195,1210.68
28.9672,851.229,347.716,1198.94
29.0672,737.054,272.298,1009.35
29.172,796.003,333.388,1129.39
29.2735,4741.71,2125.69,6867.4
29.3813,4918.19,2945.69,7863.88
29.4813,4797.34,2489.26,7286.59
29.5814,4593.21,1135.14,5728.35
29.6822,2735.27,1967.49,4702.75
29.868,2498.01,1867.35,4365.37
29.9839,391.978,325.842,717.82
30.0879,290.173,240.351,530.524
30.188,267.014,206.463,473.477
30.2881,258.292,206.284,464.575
30.3881,273.263,219.519,492.783
30.4891,288.624,237.264,525.888
30.5892,252.087,184.641,436.728
30.6892,277.302,219.165,496.468
30.7891,338.628,306.62,645.248
30.8892,263.249,177.513,440.762
30.9892,323.722,247.844,571.567
31.0892,274.495,210.739,485.234
31.1892,936.616,272.616,1209.23
31.308,1615.18,778.54,2393.72
31.4151,1091.54,610.146,1701.68
31.5151,780.185,320.193,1100.38
31.6151,758.546,266.597,1025.14
31.7151,706.707,246.845,953.553
31.8153,1175.42,429.235,1604.65
31.9155,7767.2,3889.91,11657.1
32.0156,3358.07,2031.75,5389.82
32.1152,5518.08,1844.92,7363
32.2153,3830.35,1956.31,5786.66
32.3164,3128.49,2413.46,5541.95
32.4559,1596.86,1219.78,2816.64
32.5599,477.577,394.795,872.372
32.6639,557.239,395.94,953.179
32.7679,853.203,520.652,1373.85
32.868,305.115,225.209,530.324
32.969,304.838,227.809,532.646
33.069,342.085,287.218,629.303
33.169,255.9,178.65,434.549
33.269,294.09,228.571,522.661
33.369,283.156,224.05,507.206
33.4689,242.589,175.556,418.145
33.5689,284.348,213.693,498.042
33.669,272.46,215.916,488.376
33.7688,748.446,319.202,1067.65
33.896,1789.99,795.528,2585.52
34.0037,1039.74,547.981,1587.72
34.1078,829.147,354.95,1184.1
34.208,757.924,271.029,1028.95
34.308,718.051,237.106,955.156
34.4089,2703.62,831.157,3534.78
34.5094,6669.31,3780.37,10449.7
34.6096,4270.25,2419.29,6689.54
34.7097,4917.64,1295.24,6212.88
34.8282,3252.91,2071.68,5324.59
34.9559,2906.87,2146.97,5053.84
35.0638,1032.78,874.646,1907.43
35.1679,353.878,283.725,637.602
35.2681,308.336,245.084,553.42
35.3681,319.766,259.523,579.289
35.4681,247.59,175.306,422.895
35.5691,312.255,256.359,568.614
35.6691,292.795,248.901,541.696
35.7691,325.688,252.85,578.538
35.8692,295.277,250.978,546.255
35.9692,292.755,223.136,515.891
36.0703,267.284,206.045,473.329
36.1705,267.102,200.629,467.731
36.2705,292.413,231.016,523.429
36.424,1962.38,751.428,2713.81
36.5311,1234.11,730.45,1964.56
36.6311,752.716,285.921,1038.64
36.7309,774.13,290.529,1064.66
36.8319,771.033,337.654,1108.69
36.9318,762.065,280.39,1042.46
37.0319,5898.35,2766.06,8664.41
37.132,4596.13,2691.31,7287.44
37.2331,5300.38,2335.64,7636.02
37.3332,4068.68,1210.94,5279.62
37.4443,2994.7,2249.4,5244.1
37.584,2428.24,1822.46,4250.7
37.7039,478.965,388.4,867.365
37.8078,370.287,333.304,703.591
37.908,381.405,263.174,644.58
38.0081,319.675,250.584,570.259
38.1091,289.832,234.689,524.521
38.2092,289.646,225.301,514.947
38.3093,261.892,196.548,458.441
38.4093,312.798,256.298,569.096
38.5093,277.18,221.1,498.28
38.6093,321.474,249.225,570.699
38.7093,300.049,236.681,536.73
38.8093,363.021,326.876,689.896
38.9092,248.951,166.386,415.337
39.044,2005.66,812.867,2818.52
39.1514,995.383,542.424,1537.81
39.2513,880.1,362.413,1242.51
39.3513,805.583,305.782,1111.37
39.4514,747.75,271.074,1018.82
39.5514,2481.28,707.746,3189.02
39.6534,6710.99,3784.58,10495.6
39.7537,3957.1,2212.68,6169.78
39.8537,5290.81,1574.28,6865.09
39.9548,3889.87,2358.76,6248.63
40.0559,3226.25,2325.91,5552.17
40.1719,1291.12,1063.6,2354.72
40.2879,379.577,318.461,698.038
40.3919,287.517,244.43,531.947
40.4921,268.278,200.369,468.647
40.5929,272.98,229.321,502.301
40.6929,316.195,241.953,558.147
40.793,335.283,296.438,631.721
40.893,254.616,176.339,430.954
40.993,267.425,209.281,476.706
41.093,264.67,202.499,467.169
41.1931,232.368,171.932,404.3
41.2931,282.066,230.654,512.72
41.3931,292.627,232.781,525.408
41.4931,955.91,228.737,1184.65
41.5959,1582.95,819.035,2401.98
41.7,949.046,483.209,1432.25
41.7999,1152.52,595.594,1748.12
41.901,747.948,271.748,1019.7
42.0009,792.382,288.979,1081.36
42.1009,721.643,248.839,970.482
42.2008,6127.7,2910.5,9038.2
42.3007,4398.36,2532.01,6930.37
42.401,5168.73,2321.39,7490.12
42.5128,3665,1200.12,4865.12
42.6159,3027.19,2218.38,5245.57
42.7679,2812.58,2046.38,4858.96
42.8719,464.58,390.587,855.167
42.9759,463.345,339.687,803.031
43.0799,295.433,222.982,518.414
43.18,305.57,225.516,531.085
43.28,280.825,236.633,517.458
43.38,312.774,240.841,553.615
43.4801,283.576,211.126,494.703
43.5801,299.925,246.18,546.104
43.6801,304.333,241.623,545.956
43.7801,309.484,244.379,553.862
43.8801,304.537,244.23,548.767
43.9801,280.778,223.586,504.364
44.0801,282.369,204.326,486.695
44.2039,2073.9,855.706,2929.61
44.3158,1143.22,648.177,1791.39
44.4198,855.333,372.799,1228.13
44.52,748.511,271.963,1020.47
44.62,744.401,251.35,995.752
44.7201,1283.08,369.37,1652.45
44.82,7677.49,3920.5,11598
44.9199,3628.04,2122.2,5750.24
45.0198,5563.93,1940.94,7504.87
45.1198,4060.19,2053.32,6113.51
45.2208,3451.55,2641.59,6093.14
45.3479,1488.5,1165.88,2654.38
45.4519,447.926,372.924,820.85
45.5559,361.182,313.932,675.113
45.656,271.238,202.532,473.769
45.756,365.916,298.699,664.614
45.856,326.78,285.503,612.284
45.956,294.884,226.844,521.728
46.056,266.895,199.82,466.715
46.157,331.494,249.18,580.675
46.257,284.25,217.42,501.67
46.357,753.935,246.905,1000.84
46.457,283.347,238.847,522.195
46.5579,283.795,234.579,518.374
46.658,440.906,216.489,657.395
46.7959,1981.36,912.163,2893.52
46.9037,955.341,513.778,1469.12
47.0078,741.657,275.679,1017.34
47.1079,758.998,270.88,1029.88
47.2079,669.349,205.424,874.773
47.3595,3833.74,1806.91,5640.66
47.4677,4635.91,2762.08,7397.98
47.5777,5044.84,2318.88,7363.72
47.68,4244.35,1334.69,5579.03
47.781,2863.1,2118.24,4981.34
47.8839,2983.42,2160.19,5143.61
47.9904,941.986,820.585,1762.57
48.0905,364.269,285.127,649.396
48.1906,276.797,231.286,508.083
48.2906,308.653,251.357,560.01
48.3906,325.544,242.609,568.153
48.4916,265.235,202.715,467.95
48.5917,294.39,241.395,535.785
48.6917,273.102,226.687,499.789
48.7917,339.877,265.244,605.121
48.8917,287.453,226.811,514.264
48.9927,290.294,225.194,515.488
49.0927,242.254,178.474,420.728
49.1927,285.702,226.646,512.349
49.296,1803.2,677.41,2480.61
49.403,1306.57,781.6,2088.16
49.5078,761.475,281.076,1042.55
49.608,935.798,414.789,1350.59
49.7078,790.593,341.411,1132
49.8077,743.135,311.68,1054.81
49.9077,2708.94,842.221,3551.16
50.008,6802.92,3831.38,10634.3
50.108,4138.06,2355.27,6493.34
50.208,4985.4,1347.78,6333.19
50.3078,291.157,252.341,543.498
50.4119,243.234,294.647,537.882
50.5119,112.727,110.835,223.562
50.6118,115.811,97.6147,213.426
50.7127,124.251,101.297,225.548
50.8127,156.253,170.243,326.496
50.9126,139.637,118.271,257.908
51.0125,115.28,89.7707,205.05
51.1125,140.727,112.309,253.036
51.2124,80.6054,71.8976,152.503
51.3123,118.121,89.2897,207.41
51.4123,110.739,88.039,198.778
51.5122,96.2995,91.1046,187.404
51.6121,104.343,83.2256,187.569
51.7131,96.4141,81.0675,177.482
51.813,199.363,192.591,391.953
51.913,88.7418,84.9568,173.699
52.0129,118.592,91.7308,210.323
52.1128,149.859,114.94,264.799
52.2128,108.422,95.5757,203.997
52.3127,91.9725,78.8984,170.871
52.4126,145.599,116.282,261.881
52.5126,113.868,105.494,219.363
52.6126,135.048,107.219,242.267
52.7135,624.28,416.756,1041.04
52.8187,538.099,477.336,1015.43
52.9185,121.565,118.815,240.38
53.0184,149.32,125.617,274.937
53.1193,191.99,140.163,332.154
53.2192,111.994,95.1091,207.103
53.3191,121.047,100.36,221.406
53.419,100.549,77.2947,177.844
53.5189,180.61,129.34,309.949
53.6187,112.444,97.0027,209.447
53.7186,115.086,98.4698,213.556
53.8185,151.997,149.885,301.882
53.9184,138.282,120.403,258.685
54.0183,114.614,104.173,218.787
54.1183,160.599,116.154,276.753
54.2182,122.026,103.69,225.716
54.3181,140.845,116.032,256.877
54.4179,91.2173,80.7469,171.964
54.5178,130.128,108.055,238.183
54.6177,1025.23,584.264,1609.49
54.7175,147.423,103.384,250.807
54.8184,169.208,146.68,315.887
54.9183,121.599,80.0954,201.694
55.0182,143.687,108.182,251.869
55.1192,147.942,109.521,257.464
55.219,122.122,96.0346,218.156
55.3189,159.236,153.9,313.135
55.4198,119.052,107.411,226.463
55.5197,94.937,81.7792,176.716
55.6196,132.654,110.482,243.136
55.7205,105.404,88.6304,194.035
55.8203,177.349,177.528,354.877
55.9202,87.1421,71.8448,158.987
56.02,156.478,143.356,299.834
56.1199,163.122,121.254,284.376
56.2199,118.006,113.025,231.031
56.3198,477.091,133.996,611.087
56.4199,506.996,165.48,672.476
56.5199,134.858,126.189,261.047
56.6198,88.0291,78.8118,166.841
56.7197,124.158,95.3978,219.556
56.8196,216.659,231.228,447.886
56.9194,150.768,128.077,278.845
57.0193,100.802,86.8838,187.686
57.1192,160.436,115.058,275.494
57.2201,98.2547,91.6531,189.908
57.3199,102.67,90.4544,193.124
57.4198,96.4762,78.864,175.34
57.5207,149.064,123.032,272.097
57.6205,108.166,97.2768,205.443
57.7204,104.332,91.5038,195.836
57.8202,157.868,163.569,321.437
57.9201,129.439,111.327,240.767
58.021,103.1,91.3658,194.466
58.1208,150.479,107.269,257.748
58.2207,111.27,97.0106,208.281
58.3216,119.847,100.037,219.884
58.4214,94.1869,79.0003,173.187
58.5213,101.918,82.2245,184.142
58.6212,131.66,108.63,240.29
58.7211,101.908,103.226,205.134
58.821,150.285,171.636,321.921
58.9219,156.337,135.065,291.402
59.0391,2382.97,1258.45,3641.42
59.1395,3020.82,2247.37,5268.19
59.2399,2669.53,1875.79,4545.32
59.3438,817.735,665.564,1483.3
59.4439,358.868,300.872,659.74
59.5499,426.413,374.929,801.342
59.6509,293.195,236.328,529.523
59.7509,355.974,300.998,656.972
59.8509,313.273,261.925,575.198
59.9509,271.617,197.887,469.504
60.052,289.155,235.953,525.108
60.1519,305.059,244.526,549.585
60.252,235.496,163.161,398.657
60.352,348.232,268.675,616.907
60.452,367.223,324.081,691.304
60.553,303.441,218.771,522.212
60.6719,1818.83,687.097,2505.92
60.7795,1088.7,669.875,1758.57
60.8796,878.774,395.965,1274.74
60.9796,906.695,370.253,1276.95
61.0796,752.44,291.639,1044.08
61.1796,764.25,278.104,1042.35
61.281,4094.9,1678.66,5773.56
61.3812,5577.64,3175.72,8753.37
61.4827,4800.65,2609.58,7410.23
61.5845,4805.63,1143.22,5948.85
61.6863,2721.26,1930.49,4651.74
61.8719,2469.13,1830.83,4299.96
61.9798,563.064,480.378,1043.44
62.0839,326.87,260.303,587.173
62.1841,343.903,277.075,620.978
62.2852,286.099,226.028,512.127
62.3853,276.217,212.02,488.237
62.4854,300.318,242.079,542.397
62.5855,336.605,268.033,604.638
62.6857,692.542,423.066,1115.61
62.7857,602.203,425.912,1028.12
62.8858,292.461,225.768,518.229
62.9869,291.674,211.354,503.028
63.0871,269.263,197.219,466.482
63.1871,560.329,299.526,859.855
63.2999,1962.76,796.146,2758.9
63.405,955.933,440.877,1396.81
63.5062,1029.11,473.257,1502.37
63.6063,779.777,311.14,1090.92
63.7063,793.829,275.009,1068.84
63.8063,707.062,295.179,1002.24
63.9064,7422.07,3564.64,10986.7
64.0081,4024.29,2407.66,6431.95
64.1084,5128,1845.76,6973.76
64.2085,3934.5,1745.16,5679.66
64.3085,3231.18,2483,5714.18
64.428,2139.13,1558.98,3698.11
64.528,486.285,385.407,871.692
64.6319,408.717,330.395,739.112
64.7329,349.752,300.513,650.265
64.8329,349.526,299.254,648.78
64.933,295.104,238.744,533.848
65.033,334.107,266.141,600.248
65.1331,253.476,191.109,444.585
65.2343,329.822,266.775,596.597
65.3345,277.854,223.517,501.371
65.4346,341.684,272.306,613.99
65.5347,326.62,253.053,579.674
65.6348,299.574,239.062,538.636
65.7348,323.858,267.148,591.005
65.8799,1900.12,808.338,2708.46
65.9862,1019.15,508.353,1527.5
66.0863,828.017,354.234,1182.25
66.1873,837.185,345.318,1182.5
66.2874,773.345,269.206,1042.55
66.3875,1214.65,366.774,1581.42
66.4878,7650.26,3895.27,11545.5
66.5878,3972.45,2190.04,6162.48
66.6882,5598.19,1810.55,7408.74
66.7884,3760.26,1970,5730.25
66.8887,3337.54,2588.37,5925.91
67.016,1728.11,1304.62,3032.73
67.1199,417.353,319.132,736.485
67.2239,333.403,282.561,615.965
67.324,352.611,284.121,636.732
67.424,254.366,195.676,450.042
67.5241,308.659,239.882,548.541
67.6242,310.264,249.526,559.79
67.7242,288.732,229.692,518.424
67.8252,345.509,293.27,638.78
67.9252,293.239,225.715,518.954
68.0252,305.847,250.931,556.778
68.1252,248.295,178.857,427.152
68.2262,301.242,234.695,535.937
68.3262,363.123,284.106,647.229
68.4264,2270.3,853.533,3123.83
68.5329,1100.45,567.163,1667.61
68.6329,965.495,461.114,1426.61
68.7328,839.667,337.087,1176.75
68.8328,817.699,334.732,1152.43
68.9338,762.086,277.342,1039.43
69.0338,6279.03,2985.67,9264.7
69.1348,4383.86,2484.29,6868.15
69.2355,5364.14,2253.46,7617.6
69.3363,4166.53,1436.18,5602.71
69.4364,3003.14,2234.35,5237.49
69.572,2489.93,1869.89,4359.82
69.6759,534.399,437.403,971.802
69.7798,430.217,379.481,809.699
69.88,333.709,274.278,607.988
69.98,304.897,216.57,521.467
70.0799,283.723,232.57,516.293
70.1799,332.33,265.268,597.598
70.28,242.246,179.285,421.531
70.3801,330.39,262.364,592.755
70.4801,318.205,261.891,580.097
70.5801,268.076,209.395,477.471
70.6801,326.452,251.875,578.328
70.7811,374.787,330.605,705.391
70.881,326.378,255.497,581.875
70.9959,1937.47,724.135,2661.61
71.1023,905.867,493.544,1399.41
71.2023,1131.89,547.102,1678.99
71.3033,835.698,361.621,1197.32
71.4033,706.988,243.146,950.134
71.5033,790.122,304.819,1094.94
71.6033,6319.14,3017.44,9336.58
71.7029,4398.87,2493.9,6892.76
71.8033,5273.94,2388.36,7662.3
71.9034,4145.98,1363.85,5509.83
72.0039,2948.51,2202.92,5151.43
72.1159,2863.15,2119.63,4982.78
72.2199,681.641,555.266,1236.91
72.32,371.07,321.197,692.267
72.4201,340.577,254.794,595.371
72.5202,326.499,263.808,590.307
72.6203,361.923,285.838,647.761
72.7204,827.244,511.855,1339.1
72.8204,503.279,394.81,898.088
72.9204,298.75,222.493,521.244
73.0214,315.224,218.021,533.245
73.1214,280.667,200.016,480.683
73.2215,289.581,228.212,517.794
73.3215,315.532,266.949,582.481
73.4215,259.626,181.889,441.515
73.5239,1900.82,723.055,2623.88
73.6318,1378.78,825.379,2204.16
73.7358,836.678,365.159,1201.84
73.8398,777.053,335.426,1112.48
73.94,870.815,341.015,1211.83
74.0401,746.933,259.774,1006.71
74.1415,3828.73,1451.4,5280.13
74.2441,5893.11,3348.98,9242.09
74.3444,4773.52,2606.46,7379.98
74.4442,4828.42,1188.69,6017.11
74.548,2819.76,1947.47,4767.23
74.6679,3133.24,2266.58,5399.82
74.7751,1075.13,949.429,2024.56
74.8752,440.623,360.64,801.263
74.9752,301.172,220.165,521.337
75.0752,350.096,265.523,615.619
75.1752,258.173,200.025,458.198
75.2752,302.679,230.191,532.87
75.3752,293.325,233.436,526.761
75.4763,317.907,267.389,585.297
75.5764,260.198,183.527,443.725
75.6765,272.355,214.113,486.467
75.7765,360.106,306.241,666.346
75.8766,266.063,215.416,481.48
75.9768,268.294,200.301,468.595
76.1239,1528.21,625.949,2154.16
76.2305,1322.25,828.85,2151.1
76.331,842.486,359.853,1202.34
76.4309,701.919,222.408,924.327
76.5309,1097.56,338.037,1435.6
76.632,964.865,331.428,1296.29
76.7335,5414.35,2485.32,7899.67
76.834,4802.94,2760.58,7563.52
76.9358,5229.81,2483.14,7712.95
77.0353,4406.15,1218.79,5624.94
77.136,2596.27,1938.71,4534.98
77.308,2500.95,1874.87,4375.83
77.4119,383.666,313.42,697.086
77.5159,400.894,350.228,751.122
77.6199,329.017,266.303,595.321
77.7202,304.685,220.056,524.742
77.8203,344.952,317.501,662.453
77.9204,344.815,268.86,613.674
78.0205,246.642,180.321,426.963
78.1217,324.195,249.177,573.372
78.2218,314.385,252.47,566.854
78.3218,279.427,222.697,502.124
78.4219,286.675,220.737,507.412
78.5219,287.898,237.501,525.398
78.6219,834.687,317.958,1152.65
78.7241,1841.47,809.047,2650.52
78.8307,1319.37,798.155,2117.52
78.9307,832.582,370.209,1202.79
79.0307,795.247,297.474,1092.72
79.1306,766.035,267.665,1033.7
79.2306,776.794,293.549,1070.34
79.3309,7047.86,3325.83,10373.7
79.4322,4064.43,2343.43,6407.85
79.5325,5324,2135.35,7459.35
79.6325,2158.19,570.366,2728.56
79.772,828.759,608.598,1437.36
79.8903,4090.84,2672.78,6763.62
79.9909,2910.2,2190.97,5101.17
80.1479,2155.99,1593.93,3749.92
80.2547,557.812,512.063,1069.87
80.3558,358.477,307.165,665.642
80.4611,379.267,360.49,739.757
80.5623,353.818,279.933,633.752
80.6625,320.266,265.649,585.916
80.7628,376.42,327.031,703.451
80.8629,268.116,216.266,484.382
80.963,406.213,311.32,717.533
81.0631,340.604,265.958,606.562
81.1632,261.873,183.895,445.768
81.2633,324.892,253.966,578.858
81.3634,306.875,250.941,557.816
81.4644,660.457,290.775,951.232
81.568,2052.85,884.902,2937.75
81.6798,1219.28,767.176,1986.46
81.7838,820.875,382.804,1203.68
81.884,802.585,299.55,1102.14
81.984,735.994,269.109,1005.1
82.084,820.589,322.327,1142.92
82.1856,7396.49,3519.54,10916
82.2867,3715.86,2192.5,5908.36
82.3873,5415.05,2044.27,7459.32
82.4873,3732.9,1662.41,5395.31
82.5875,3239.31,2386.86,5626.18
82.7042,2909.34,2074.34,4983.68
82.808,771.771,638.663,1410.43
82.9119,427.639,315.141,742.78
83.0158,369.567,262.575,632.142
83.1161,353.987,283.626,637.613
83.2162,359.817,271.548,631.364
83.3163,241.67,169.689,411.359
83.4165,343.189,259.119,602.307
83.5166,342.558,273.069,615.627
83.6167,277.369,215.808,493.177
83.7178,363.487,253.13,616.617
83.818,374.737,315.554,690.291
83.9182,396.908,271.155,668.063
84.0183,2760.83,583.334,3344.16
84.1359,2093.21,916.566,3009.78
84.2799,1020.73,497.808,1518.53
84.3838,859.838,355.856,1215.69
84.484,830.577,321.671,1152.25
84.5907,868.633,387.689,1256.32
84.6909,2239.96,598.284,2838.25
84.8242,5929.75,3475.63,9405.37
84.9264,4652.14,2650.04,7302.18
85.0265,4260.6,837.887,5098.48
85.1264,468.042,282.664,750.706
85.2444,1856.85,1371.78,3228.63
85.3438,3764.66,2381.56,6146.21
85.4447,2903.08,2202.92,5106
85.596,2180.63,1578.83,3759.46
85.7034,589.307,533.685,1122.99
85.8118,565.993,555.651,1121.64
85.915,424.299,392.493,816.792
86.016,316.163,241.557,557.72
86.116,317.022,256.223,573.245
86.2161,335.195,279.727,614.923
86.3161,256.39,178.092,434.481
86.4161,337.795,264.323,602.118
86.5161,603.156,286.92,890.076
86.6162,547.466,311.016,858.482
86.7162,254.539,195.176,449.715
86.8161,419.428,359.502,778.93
86.916,614.888,259.411,874.299
87.0199,1930.56,766.529,2697.09
87.1201,1130.12,557.013,1687.14
87.2201,935.485,395.902,1331.39
87.32,771.229,285.075,1056.3
87.4201,754.262,280.052,1034.31
87.5201,772.743,294.235,1066.98
87.6201,7662.97,3662.55,11325.5
87.7212,3909.98,2312.24,6222.21
87.8212,5337.89,1940.51,7278.4
87.9214,1780.3,508.074,2288.38
88.0213,657.717,454.036,1111.75
88.1307,3987.08,2631.61,6618.69
88.2441,2503.87,1858.51,4362.38
88.436,2285.59,1659.24,3944.83
88.5432,583.546,538.823,1122.37
88.6441,378.501,339.119,717.62
88.7511,489.088,425.239,914.327
88.8512,390.045,335.955,726
88.9513,361.699,280.083,641.782
89.0514,764.154,302.026,1066.18
89.1515,2368.58,532.252,2900.83
89.258,435,377.077,812.077
89.3581,355.909,266.263,622.172
89.4582,287.982,197.304,485.286
89.5583,305.43,237.614,543.044
89.6639,432.334,389.92,822.254
89.7761,1674.32,662.597,2336.92
89.8838,1121.29,685.113,1806.4
89.984,969.071,413.731,1382.8
90.0841,990.801,492.724,1483.53
90.1842,775.894,296.384,1072.28
90.2851,722.95,265.091,988.041
90.3852,2590.52,751.621,3342.14
90.487,6632.87,3789.05,10421.9
90.5874,4163.65,2381.17,6544.82
90.6875,4934.38,1332.75,6267.13
90.7874,630.38,400.71,1031.09
90.8928,1042.16,1015.21,2057.37
90.9938,4144.34,2587.96,6732.3
91.0977,2486.12,1907.53,4393.64
91.232,2844.22,2044.97,4889.19
91.3384,903.533,774.099,1677.63
91.439,339.117,271.77,610.888
91.5447,450.91,423.464,874.375
91.6447,366.433,296.612,663.046
91.7448,321.087,234.222,555.309
91.8449,352.901,304.771,657.672
91.9449,329.739,257.939,587.677
92.045,276.389,210.21,486.599
92.1451,289.372,218.462,507.834
92.2451,279.871,223.824,503.695
92.3462,320.755,249.677,570.432
92.4463,246.627,187.108,433.734
92.5464,337.926,268.461,606.387
92.6468,2171.91,873.101,3045.01
92.7557,1854.07,1129.88,2983.95
92.8557,947.254,473.287,1420.54
92.9557,787.354,301.18,1088.53
93.0566,811.327,298.193,1109.52
93.1567,712.477,241.476,953.953
93.2783,4241.58,1948.39,6189.97
93.3877,4974.33,2950.02,7924.35
93.4879,5007.76,2605.91,7613.67
93.5882,3469.58,592.741,4062.32
93.6891,412.167,282.089,694.256
93.7958,2330.36,1778.42,4108.78
93.8961,3873.66,2370.33,6243.99
93.9999,2870.38,2281.17,5151.55
94.1437,2102.97,1527.57,3630.54
94.2478,495.425,426.968,922.393
94.3518,351.596,276.042,627.638
94.452,345.064,246.604,591.668
94.552,347.635,281.082,628.717
94.6521,301.569,247.681,549.251
94.752,320.287,239.122,559.409
94.852,344.384,303.63,648.014
94.952,324.791,260.354,585.145
95.0518,262.683,197.567,460.25
95.1518,291.396,230.357,521.753
95.2517,278.904,228.417,507.321
95.3517,291.718,236.986,528.704
95.4516,242.584,176.141,418.725
95.5798,2220.64,935.914,3156.55
95.6838,935.325,467.731,1403.06
95.7878,786.353,344.209,1130.56
95.888,705.379,235.957,941.336
95.988,801.715,288.616,1090.33
96.098,2407.52,780.808,3188.33
96.2319,5842.62,3451.21,9293.84
96.3424,4650.82,2514.12,7164.94
96.4419,3721.94,668.776,4390.72
96.543,849.606,302.251,1151.86
96.6497,2065.69,1555.16,3620.84
96.7576,4314.56,2767.45,7082.02
96.8568,3024.97,2393.1,5418.07
97.0399,1578.13,1143.45,2721.58
97.1438,367.218,306.243,673.461
97.2478,365.523,296.354,661.877
97.348,304.077,242.469,546.546
97.449,310.689,235.583,546.272
97.5489,334.717,265.81,600.527
97.649,305.133,255.299,560.433
97.7489,307.737,230.693,538.43
97.8488,327.365,283.279,610.645
97.9488,310.74,240.141,550.881
98.0489,269.154,203.101,472.255
98.1489,289.419,236.844,526.263
98.2499,286.698,229.201,515.9
98.3519,2042.22,810.711,2852.93
98.4558,1111.63,558.228,1669.85
98.556,910.447,412.586,1323.03
98.656,769.329,294.833,1064.16
98.756,822.719,316.505,1139.22
98.8559,707.987,276.739,984.726
98.9559,3837.09,1500.38,5337.47
99.0561,6237.4,3519.28,9756.67
99.1559,4606.46,2492.53,7098.98
99.2561,4261.37,871.176,5132.55
99.3561,403.181,264.26,667.441
99.464,1928.64,1406.79,3335.43
99.5651,3783.25,2372.62,6155.87
99.6657,2890.73,2224.38,5115.1
99.7959,2415.04,1793.06,4208.1
99.9037,773.457,645.24,1418.7
100.008,349.449,276.838,626.287
100.114,407.795,374.318,782.113
100.214,330.298,276.807,607.105
100.315,265.667,194.993,460.66
100.415,316.732,256.962,573.694
100.515,289.591,239.361,528.952
100.615,296.676,228.103,524.779
100.715,271.985,212.457,484.442
100.815,392.405,359.134,751.539
100.916,274.986,204.703,479.689
101.016,305.14,225.955,531.095
101.116,298.466,261.371,559.838
101.228,2181.02,883.812,3064.83
101.335,1092.47,564.607,1657.08
101.435,896.163,387.263,1283.43
101.535,877.17,384.081,1261.25
101.635,792.665,288.874,1081.54
101.735,765.77,265.535,1031.3
101.835,6090.81,2960.56,9051.37
101.935,4617.33,2669.51,7286.84
102.037,5081.2,2254.42,7335.62
102.138,2712.62,582.851,3295.47
102.281,725.15,524.322,1249.47
102.397,4312.18,2849.81,7161.98
102.505,2950.72,2242.45,5193.18
102.66,2356.7,1684.03,4040.73
102.764,824.087,566.808,1390.9
102.868,413.674,324.408,738.082
102.968,327.528,249.721,577.249
103.068,356.173,270.002,626.175
103.168,276.719,204.692,481.411
103.268,351.772,276.399,628.17
103.368,304.623,243.181,547.804
103.469,308.587,221.832,530.419
103.569,283.432,232.611,516.043
103.67,317.203,260.315,577.518
103.77,366.48,292.628,659.108
103.87,302.117,255.738,557.855
103.97,319.443,244.614,564.058
104.072,2276.46,858.362,3134.82
104.179,1227.59,697.642,1925.24
104.279,789.087,326.049,1115.14
104.379,879.14,356.135,1235.27
104.479,745.867,263.706,1009.57
104.586,900.692,440.073,1340.77
104.686,6690.01,3228.53,9918.54
104.809,3966.34,2473.73,6440.07
104.909,5378.03,2014.13,7392.17
105.01,1848.01,476.97,2324.98
105.121,796.647,576.915,1373.56
105.226,4235.98,2829.56,7065.55
105.341,2364.82,1811.55,4176.37
105.485,2792.28,2003.66,4795.93
105.592,813.6,700.115,1513.72
105.692,399.556,338.595,738.151
105.798,521.844,490.095,1011.94
105.903,466.553,385.443,851.995
106.003,325.001,255.567,580.568
106.103,345.492,273.595,619.087
106.203,293.118,221.34,514.458
106.303,349.666,287.532,637.197
106.403,315.744,246.912,562.656
106.503,783.256,332.488,1115.74
106.603,306.79,206.753,513.543
106.703,318.76,263.948,582.707
106.803,403.944,361.881,765.825
106.908,2155.57,804.544,2960.11
107.012,903.773,420.054,1323.83
107.112,991.51,420.577,1412.09
107.212,890.083,383.135,1273.22
107.312,725.206,255.928,981.134
107.412,758.674,284.498,1043.17
107.512,6012.23,2841.72,8853.96
107.613,4497.34,2550.13,7047.47
107.713,5319.09,2346.99,7666.09
107.814,2990.7,723.547,3714.25
107.913,274.143,175.173,449.316
108.021,3425.61,2381,5806.6
108.173,2593.24,1804.89,4398.12
108.276,3375.54,2415.86,5791.4
108.383,1161.51,1005.2,2166.7
108.483,381.727,305.778,687.505
108.592,419.69,379.21,798.9
108.692,366.81,305.784,672.595
108.792,386.961,341.854,728.815
108.893,286.276,209.287,495.563
108.993,292.92,230.344,523.264
109.093,314.335,250.104,564.438
109.193,274.625,198.234,472.858
109.293,328.397,262.126,590.523
109.394,298.598,227.809,526.406
109.494,305.926,230.265,536.191
109.594,277.35,207.501,484.851
109.708,1705.19,659.245,2364.43
109.82,1454.3,918.426,2372.73
109.924,845.494,370.482,1215.98
110.028,829.449,319.174,1148.62
110.132,784.989,301.16,1086.15
110.232,784.952,303.694,1088.65
110.332,3882.44,1537.96,5420.4
110.432,5899.8,3367.53,9267.33
110.532,4840.72,2644.79,7485.51
110.632,4079.75,816.934,4896.68
110.732,365.41,199.634,565.044
110.842,2002.44,1497.92,3500.36
110.942,3764.6,2402.38,6166.98
111.042,2817.57,2082.79,4900.36
111.2,2242.8,1660.54,3903.34
111.307,502.774,459.28,962.055
111.416,474.054,452.665,926.719
111.516,354.659,299.096,653.755
111.616,271.596,200.292,471.889
111.716,322.061,266.451,588.512
111.816,389.347,344.992,734.339
111.916,297.693,222.402,520.095
112.016,280.738,208.6,489.338
112.117,294.566,234.17,528.736
112.217,321.937,248.031,569.968
112.317,290.26,210.845,501.106
112.417,302.423,238.264,540.687
112.517,769.643,338.598,1108.24
112.62,1894.62,787.043,2681.66
112.732,1791.98,1048.71,2840.69
112.836,970.689,477.399,1448.09
112.936,806.597,302.554,1109.15
113.036,760.16,260.516,1020.68
113.136,772.878,277.151,1050.03
113.237,7710.4,3705.44,11415.8
113.337,3704.6,2192.55,5897.15
113.437,5442.34,1941.08,7383.42
113.537,1809.16,552.919,2362.08
113.645,744.847,533.852,1278.7
113.752,4176.6,2705.66,6882.26
113.861,2775.38,2190.59,4965.97
114.264,1373.55,1024.1,2397.65
114.368,349.794,282.516,632.31
114.472,321.155,236.522,557.678
114.576,331.962,258.556,590.518
114.676,300.322,244.1,544.422
114.776,330.688,255.847,586.535
114.876,300.168,250.054,550.222
114.976,367.674,260.988,628.662
115.076,274.964,201.631,476.595
115.176,304.499,227.736,532.234
115.276,272.237,223.924,496.162
115.424,1512.23,612.74,2124.96
115.531,1093,625.568,1718.57
115.631,1029.28,445.297,1474.57
115.732,873.237,394.433,1267.67
115.832,794.755,345.61,1140.36
115.932,792.82,302.506,1095.33
116.032,4525.71,1925.39,6451.1
116.133,5551.41,3184.64,8736.06
116.233,4893.55,2579.75,7473.3
116.333,3642.72,623.7,4266.42
116.433,484.304,322.043,806.347
116.54,2455.7,1576.32,4032.03
116.64,3667.85,2328.62,5996.46
116.743,2973.92,2220.34,5194.26
116.904,2266.19,1691.59,3957.78
117.008,503.603,399.805,903.408
117.116,466.824,429.61,896.434
117.216,338.267,258.664,596.931
117.317,307.69,231.53,539.219
117.417,322.034,260.087,582.121
117.517,310.327,256.611,566.938
117.617,297.524,210.942,508.467
117.718,282.643,230.153,512.796
117.818,414.314,365.61,779.923
117.918,243.549,170.34,413.889
118.018,312.04,241.901,553.941
118.119,360.991,272.029,633.02
118.219,932.527,275.631,1208.16
118.32,1753.38,860.602,2613.99
118.427,1130.27,626.475,1756.75
118.527,927.777,411.089,1338.87
118.627,745.664,259.233,1004.9
118.727,830.632,320.506,1151.14
118.828,796.764,341.968,1138.73
118.929,7110.4,3373.42,10483.8
119.03,3835.24,2270.42,6105.66
119.13,5372.73,2174.44,7547.17
119.23,2229.09,553.501,2782.59
119.354,719.057,520.207,1239.26
119.485,3866.44,2551.06,6417.5
119.586,2957.74,2191.12,5148.86
119.688,2701.14,1970.92,4672.06
119.796,1078.14,935.771,2013.91
119.9,408.672,321.228,729.9
120.006,480.685,418.536,899.221
120.106,376.579,286.058,662.636
120.206,277.935,195.78,473.716
120.306,294.816,233.807,528.623
120.406,318.243,254.367,572.611
120.508,276.817,216.573,493.39
120.608,299.485,225.213,524.698
120.708,292.89,232.886,525.776
120.808,397.557,350.94,748.497
120.908,253.669,169.082,422.751
121.008,295.811,226.892,522.702
121.112,1904.73,724.168,2628.9
121.219,1049.75,576.355,1626.11
121.319,992.665,442.98,1435.65
121.419,915.434,418.427,1333.86
121.519,779.089,307.191,1086.28
121.62,704.135,225,929.135
121.72,4188.18,1738.93,5927.11
121.822,5663.66,3281.95,8945.6
121.923,4620.89,2555.02,7175.91
122.022,4127.7,811.996,4939.69
122.122,392.87,247.736,640.605
122.234,1970.72,1460.5,3431.22
122.336,3886.71,2443.89,6330.6
122.443,2862.28,2288.48,5150.76
122.612,1720.93,1218,2938.93
122.724,1162.2,868.138,2030.34
122.828,565.772,449.574,1015.35
122.933,464.67,356.485,821.155
123.034,342.571,249.293,591.864
123.134,309.922,248.724,558.646
123.235,326.155,248.694,574.849
123.335,273.967,206.884,480.852
123.435,327.492,262.237,589.729
123.535,290.66,235.879,526.539
123.635,268.559,193.234,461.793
123.735,285.137,228.603,513.74
123.835,365.036,321.095,686.131
123.952,1644.76,613.009,2257.77
124.058,1033.35,572.934,1606.28
124.159,1069.41,474.891,1544.3
124.259,899.954,434.503,1334.46
124.359,748.184,265.935,1014.12
124.459,701.601,253.933,955.534
124.561,3792.24,1495.54,5287.78
124.663,5955.45,3421.19,9376.64
124.765,4556.92,2530.98,7087.9
124.865,4349.14,908.961,5258.1
124.964,393.953,248.5,642.453
125.077,1920.74,1424.53,3345.26
125.177,3768.82,2347.55,6116.37
125.278,2893.61,2250.91,5144.52
125.412,2265.01,1644.63,3909.64
125.524,696.511,608.693,1305.2
125.627,423.807,377.261,801.069
125.727,350.584,288.223,638.807
125.827,396.287,359.322,755.61
125.928,297.169,209.986,507.155
126.028,292.044,227.8,519.844
126.129,354.284,279.008,633.292
126.229,263.08,203.452,466.532
126.329,316.061,241.923,557.984
126.429,447.673,284.125,731.798
126.529,1028.92,379.515,1408.43
126.629,276.682,196.611,473.293
126.729,310.342,246.838,557.18
126.832,2343.14,996.121,3339.26
126.937,939.201,449.881,1389.08
127.037,1103.04,508.325,1611.37
127.137,835.332,359.155,1194.49
127.238,796.272,297.183,1093.45
127.341,813.382,367.016,1180.4
127.442,5542.54,2674.46,8217
127.55,4523.57,2785.47,7309.04
127.65,5091.47,2417.75,7509.22
127.75,3088.31,612.109,3700.42
127.85,393.003,297.345,690.348
127.956,2824.66,2049.65,4874.3
128.056,3945.17,2552.55,6497.72
128.156,2478.26,1947.98,4426.24
128.312,1724.18,1239.34,2963.52
128.424,563.186,546.751,1109.94
128.532,469.377,421.354,890.731
128.637,396.759,336.708,733.466
128.737,349.912,296.953,646.865
128.837,392.768,350.521,743.289
128.938,364.431,271.939,636.37
129.038,297.477,208.213,505.69
129.138,321.916,246.947,568.863
129.238,285.012,220.781,505.793
129.338,288.755,211.926,500.68
129.439,276.393,226.205,502.598
129.539,321.201,259.874,581.075
129.64,1728.96,569.901,2298.86
129.74,1163.76,625.337,1789.1
129.841,971.335,490.856,1462.19
129.941,912.771,374.069,1286.84
130.041,771.66,288.656,1060.32
130.141,775.919,279.068,1054.99
130.241,2162.88,523.317,2686.19
130.342,6939.97,3839.08,10779.1
130.443,3824.99,2216.36,6041.34
130.543,5286.87,1533.38,6820.24
130.643,844.724,344.799,1189.52
130.751,911.441,669.06,1580.5
130.869,4362.87,2870.67,7233.54
130.979,3392.26,2679.23,6071.49
131.112,2025.18,1408.63,3433.81
131.216,470.706,361.405,832.111
131.32,335.164,279.72,614.884
131.425,436.651,402.958,839.609
131.525,334.208,259.731,593.939
131.626,337.222,251.677,588.899
131.726,304.009,239.356,543.364
131.826,394.769,353.477,748.245
131.926,275.132,185.767,460.899
132.026,300.908,235.4,536.308
132.126,300.731,235.126,535.857
132.227,269.902,207.866,477.768
132.327,280.276,215.421,495.697
132.428,644.392,280.55,924.942
132.528,2022.47,862.947,2885.42
132.637,1236.79,662.038,1898.82
132.737,1590.72,851.08,2441.8
132.837,958.191,502.906,1461.1
132.937,912.977,352.897,1265.87
133.037,712.63,257.05,969.679
133.137,6268.29,3019.68,9287.96
133.237,4300.74,2477.09,6777.83
133.337,5219.15,2311.34,7530.5
133.437,2841.63,615.734,3457.37
133.537,315.21,219.333,534.543
133.644,3271.72,2344.36,5616.08
133.744,330.672,298.784,629.456
133.844,273.365,251.3,524.665
133.945,118.476,103.757,222.234
134.045,117.591,99.8867,217.478
134.146,122.09,102.143,224.234
134.246,170.672,142.62,313.292
134.346,93.2992,88.8358,182.135
134.446,116.322,108.634,224.956
134.546,109.942,109.891,219.833
134.646,112.226,114.791,227.017
134.746,88.5094,87.255,175.764
134.846,156.996,165.329,322.324
134.946,128.941,126.018,254.959
135.046,79.2077,80.6746,159.882
135.146,101.58,100.353,201.933
135.246,868.969,622.035,1491
135.354,1117.98,1088.03,2206.01
135.454,1173.86,939.267,2113.12
135.555,993.95,634.673,1628.62
135.655,349.884,263.505,613.388
135.755,457.307,491.564,948.871
135.855,241.592,315.919,557.511
135.955,317.789,276.853,594.642
136.059,237.141,233.487,470.628
136.156,368.157,306.019,674.176
136.256,707.959,674.937,1382.9
136.356,494.268,465.497,959.765
136.457,538.013,537.023,1075.04
136.557,241.582,179.281,420.863
136.667,302.599,314.979,617.578
136.757,950.147,507.578,1457.73
136.857,82.2368,80.3398,162.577
136.957,52.8621,50.0602,102.922
137.057,198.747,115.748,314.495
137.157,124.074,80.8397,204.914
137.257,133.601,84.055,217.656
137.357,169.322,124.534,293.857
137.457,124.26,88.3494,212.61
137.557,163.51,107.594,271.103
137.657,143.848,95.817,239.665
137.758,155.863,117.087,272.95
137.858,153.958,139.386,293.345
137.958,137.933,88.0634,225.996
138.058,152.451,118.933,271.383
138.158,149.82,108.91,258.73
138.258,117.919,82.9197,200.838
138.359,141.252,108.185,249.437
138.458,150.004,112.34,262.344
138.558,126.59,98.1094,224.7
138.659,174.476,128.562,303.038
138.759,163.035,124.935,287.97
138.859,177.189,154.283,331.472
138.959,3294.74,2438.45,5733.19
139.059,3308.91,3126.64,6435.56
139.159,2888.45,564.054,3452.51
139.26,1602.68,636.686,2239.36
139.36,1219.53,635.457,1854.99
139.465,2260.37,1659.18,3919.55
139.565,940.016,410.74,1350.76
139.665,284.874,369.202,654.076
139.765,134.155,151.868,286.023
139.865,255.437,235.366,490.803
139.965,157.517,161.889,319.407
140.065,131.796,107.84,239.636
140.165,947.732,858.185,1805.92
140.272,552.119,522.833,1074.95
140.372,604.25,615.451,1219.7
140.472,236.81,173.281,410.09
140.579,271.457,277.472,548.929
140.673,876.723,806.855,1683.58
140.773,171.734,149.408,321.142
140.873,131.485,133.159,264.644
140.973,214.56,292.399,506.958
141.072,739.023,586.511,1325.53
141.172,519.673,382.697,902.37
141.272,562.564,352.755,915.319
141.372,711.838,605.184,1317.02
141.474,478.028,340.376,818.404
141.574,526.688,346.913,873.601
141.674,445.864,383.443,829.307
141.774,751.521,565.517,1317.04
141.874,656.556,521.809,1178.37
141.974,908.479,702.181,1610.66
142.074,596.748,381.448,978.195
142.174,461.07,413.638,874.708
142.282,213.3,213.3,426.601
142.374,1320.7,673.71,1994.41
142.474,1069.2,931.686,2000.89
142.586,223.299,156.728,380.026
142.675,466.141,257.974,724.115
142.774,1808.94,1226.42,3035.36
142.874,351.836,331.968,683.804
142.974,96.7392,134.863,231.602
143.074,783.605,601.91,1385.52
143.174,1514.97,1171.26,2686.23
143.275,1568.32,1136.18,2704.5
143.374,117.94,125.911,243.851
143.474,342.79,240.003,582.793
143.574,1499.36,1400.62,2899.98
143.674,1911.49,1768.24,3679.73
143.774,3833.39,3442.37,7275.76
143.873,3205.82,2810.83,6016.65
143.973,661.652,670.146,1331.8
144.073,2335.97,2130.24,4466.21
144.173,2093.99,1880.81,3974.81
144.282,380.295,444.948,825.243
144.382,376.62,317.558,694.178
144.482,198.977,166.6,365.576
144.582,157.923,144.392,302.316
144.683,190.628,170.236,360.864
144.783,183.966,172.436,356.403
144.883,270.897,282.534,553.431
144.983,150.164,168.18,318.344
145.083,280.349,243.371,523.72
145.183,2174.48,1933.04,4107.52
145.287,1978.61,1530.26,3508.88
145.388,4329.24,3666.33,7995.57
145.492,3339.54,2499.03,5838.57
145.588,2963.23,2261.87,5225.1
145.687,2055.05,1423.95,3479
145.787,3928.38,3531.42,7459.79
145.888,1996.55,1857.44,3853.99
145.987,1905.6,2231.43,4137.03
146.088,1558.91,2709.41,4268.32
146.189,1737.79,2804.17,4541.96
146.288,2034.14,2860.79,4894.93
146.389,2604.87,2045.58,4650.45
146.49,3107.11,2643.05,5750.16
146.589,3284.55,2459.6,5744.15
146.69,2597.95,1567.94,4165.89
146.79,3385.28,3583.42,6968.71
146.891,1521.03,2391.38,3912.41
146.989,1502.56,2655.35,4157.91
147.095,1965.39,2702.67,4668.06
147.189,1770.15,1387.84,3157.99
147.294,778.924,750.077,1529
147.394,2084.65,1936.12,4020.77
147.494,3005.71,2200.43,5206.14
147.594,3570.28,2729.57,6299.85
147.694,2796.46,3438.77,6235.22
147.795,1717.06,2752.13,4469.19
147.894,1517.08,2688.45,4205.53
147.995,1568,1855.97,3423.97
148.095,1699.57,1538.44,3238.01
148.195,810.584,761.659,1572.24
148.295,2286,1813.7,4099.7
148.396,1797.02,1559.3,3356.32
148.496,1544.18,1041.38,2585.56
148.595,3000.19,2466.54,5466.73
148.695,1749.17,2551.18,4300.35
148.795,1946.66,3028.23,4974.89
148.903,1636.54,2698.98,4335.53
148.996,1690.26,1983.14,3673.4
149.096,1111.07,956.947,2068.02
149.197,778.997,710.718,1489.71
149.297,405.602,335.655,741.257
149.397,200.929,146.456,347.385
